       0.000000
      -1.133344
      -2.013670
      -2.460235
      -2.414214
      -1.950439
      -1.248303
      -0.531999
      -0.000000
       0.233368
       0.165911
      -0.102680
      -0.414214
      -0.612476
      -0.599456
      -0.367977
      -0.000000
       0.367977
       0.599456
       0.612476
       0.414214
       0.102680
      -0.165911
      -0.233368
      -0.000000
       0.531999
       1.248303
       1.950439
       2.414214
       2.460235
       2.013670
       1.133344
