       4.508950
      10.880658
      -2.144937
      -0.317680
       0.105296
       0.276644
       0.363934
       0.414635
       0.446410
       0.467559
       0.482241
       0.492437
       0.499664
       0.504794
       0.508121
       0.509993
       0.510550
       0.509993
       0.508121
       0.504794
       0.499664
       0.492437
       0.482241
       0.467559
       0.446410
       0.414635
       0.363934
       0.276644
       0.105296
      -0.317680
      -2.144937
      10.880658
