       4.000000
       3.736134
       3.013670
       2.019063
       1.000000
       0.192102
      -0.248303
      -0.284359
      -0.000000
       0.436600
       0.834089
       1.042532
       1.000000
       0.746304
       0.400544
       0.111625
       0.000000
       0.111625
       0.400544
       0.746304
       1.000000
       1.042532
       0.834089
       0.436600
       0.000000
      -0.284359
      -0.248303
       0.192102
       1.000000
       2.019063
       3.013670
       3.736134
