      -0.000490
       7.999916
       0.000009
      -0.000068
      -0.000007
      -0.000027
       0.000004
       0.000105
       0.000000
      -0.000066
      -0.000004
      -0.000016
       0.000007
      -0.000084
      -0.000009
      -0.000000
       0.000010
      -0.000000
      -0.000009
      -0.000084
       0.000007
      -0.000016
      -0.000004
      -0.000066
       0.000000
       0.000105
       0.000004
      -0.000027
      -0.000007
      -0.000068
       0.000009
       7.999916
