       0.000000
      -0.000046
      -0.000004
      -7.999905
       0.000007
      -0.000109
      -0.000009
      -0.000025
       0.000010
       0.000065
      -0.000009
       0.000001
       0.000007
      -0.000009
      -0.000004
       0.000069
      -0.000000
      -0.000069
       0.000004
       0.000009
      -0.000007
      -0.000001
       0.000009
      -0.000065
      -0.000010
       0.000025
       0.000009
       0.000109
      -0.000007
       7.999905
       0.000004
       0.000046
