       0.000000
       0.000000
      11.313575
       0.000000
       0.000000
      -0.000000
      -0.000043
       0.000000
      -0.000000
       0.000000
       0.000112
      -0.000000
       0.000000
      -0.000000
       0.000050
       0.000000
      -0.000000
      -0.000000
      -0.000050
       0.000000
      -0.000000
       0.000000
      -0.000112
       0.000000
      -0.000000
       0.000000
       0.000043
      -0.000000
      -0.000000
      -0.000000
     -11.313575
      -0.000000
