       0.000000
       0.000000
     -11.313659
       0.000000
       0.000000
      -0.000000
      -0.000041
       0.000000
      -0.000000
       0.000000
      -0.000027
      -0.000000
      -0.000000
      -0.000000
       0.000035
      -0.000000
       0.000000
       0.000000
      -0.000035
      -0.000000
      -0.000000
      -0.000000
       0.000027
      -0.000000
       0.000000
      -0.000000
       0.000041
      -0.000000
       0.000000
       0.000000
      11.313659
      -0.000000
