       0.000000
       0.000030
      -0.000000
     -15.999763
       0.000000
       0.000038
       0.000000
      -0.000025
       0.000000
      -0.000026
      -0.000000
       0.000049
      -0.000000
       0.000107
       0.000000
       0.000128
      -0.000000
      -0.000128
       0.000000
      -0.000107
       0.000000
      -0.000049
       0.000000
       0.000026
       0.000000
       0.000025
       0.000000
      -0.000038
       0.000000
      15.999763
      -0.000000
      -0.000030
