      -0.000450
      20.306036
      -0.000030
      -6.593018
       0.000030
       3.741681
      -0.000030
      -2.436970
       0.000030
       1.641333
      -0.000030
      -1.069006
       0.000030
       0.606684
      -0.000030
      -0.196980
       0.000030
      -0.196980
      -0.000030
       0.606684
       0.000030
      -1.069006
      -0.000030
       1.641333
       0.000030
      -2.436970
      -0.000030
       3.741681
       0.000030
      -6.593018
      -0.000030
      20.306036
